,loss
0,0.008323806
1,0.0011417867
2,0.0010260658
3,0.00097651494
4,0.00094158796
5,0.0009067292
6,0.000870233
7,0.00083941757
8,0.00081578
9,0.00079779985
10,0.0007820228
11,0.00076796714
12,0.0007551697
13,0.0007435434
14,0.00073311623
15,0.00072392565
16,0.0007160625
17,0.0007095989
18,0.0007046169
19,0.0007010452
20,0.0006982349
21,0.00069536787
22,0.000692198
23,0.0006889617
24,0.00068595516
25,0.00068323663
26,0.0006800678
27,0.0006750126
28,0.0006734986
29,0.0006682446
30,0.0006625263
31,0.0006551772
32,0.0006418657
33,0.0006312455
34,0.00062640803
35,0.0006208191
36,0.00061510934
37,0.00060914096
38,0.0006043015
39,0.00059895596
40,0.00059479335
41,0.00058901653
42,0.00058450195
43,0.00057947676
44,0.0005764819
45,0.0005715062
46,0.00056694396
47,0.0005635846
48,0.00056140893
49,0.00055601227
50,0.0005527734
51,0.00054870395
52,0.00054365187
53,0.0005394422
54,0.0005364641
55,0.00053169765
56,0.00052573154
57,0.00052193116
58,0.00051657786
59,0.00051234395
60,0.00050707336
61,0.00050182396
62,0.0004967668
63,0.0004896345
64,0.00048497855
65,0.00047655974
66,0.00047208363
67,0.00046430744
68,0.0004583495
69,0.00045072677
70,0.0004443189
71,0.00043852048
72,0.0004331497
73,0.0004283534
74,0.00042409892
75,0.00042050128
76,0.00041629627
77,0.00041182362
78,0.00040487567
79,0.00039826313
80,0.00039139853
81,0.00038429367
82,0.0003775066
83,0.0003709908
84,0.00036564146
85,0.0003608074
86,0.00035705787
87,0.00035385267
88,0.000351456
89,0.00034898063
90,0.00034618593
91,0.00034479168
92,0.00034103563
93,0.00033811646
94,0.00033541306
95,0.00033394148
96,0.0003356567
97,0.00034050888
98,0.0003327679
99,0.0003350009
100,0.0004323905
101,0.00060648576
102,0.00049235503
103,0.0004395329
104,0.0004038824
105,0.00037816266
106,0.0003447724
107,0.00032667082
108,0.00031931078
109,0.0003182264
110,0.0003241668
111,0.00031689447
112,0.00031586306
113,0.00031512283
114,0.0003124672
115,0.00031157662
116,0.00033230492
117,0.00038545064
118,0.00031612976
119,0.0003415165
120,0.00039081307
121,0.00032686087
122,0.00034072547
123,0.000557347
124,0.00040757612
125,0.00033293822
126,0.00032199326
127,0.0003182838
128,0.0003071423
129,0.0003209626
130,0.00033259988
131,0.00032144474
132,0.000360451
133,0.0005548852
134,0.00042385582
135,0.0003740904
136,0.00032666064
137,0.00030708066
138,0.00030210215
139,0.0002958347
140,0.00029877896
141,0.00029721422
142,0.00029511092
143,0.00029768297
144,0.00029639635
145,0.00029860265
146,0.00030769367
147,0.00040752586
148,0.00041099815
149,0.00031002154
150,0.00032994835
151,0.00031027338
152,0.00029724697
153,0.00029410297
154,0.00029801365
155,0.00029987175
156,0.00029566674
157,0.00029438047
158,0.00040027327
159,0.0005367505
160,0.00040165393
161,0.00035825543
162,0.00031284074
163,0.00029486
164,0.00029106645
165,0.0002919219
166,0.0002904781
167,0.00029069473
168,0.00028959586
169,0.00028963882
170,0.0002896332
171,0.00028941312
172,0.0002891965
173,0.0002889364
174,0.00028924717
175,0.0003067671
176,0.00041068203
177,0.00046973428
178,0.0002993451
179,0.00029277467
180,0.00028703082
181,0.00028443546
182,0.0003945509
183,0.00053849444
184,0.00040216604
185,0.00030929758
186,0.00029141028
187,0.0002877755
188,0.0002830486
189,0.0002842524
190,0.00028451753
191,0.00028405586
192,0.00028373755
193,0.00028380402
194,0.00028428985
195,0.0002855858
196,0.00029264318
197,0.00040013384
198,0.0003207368
199,0.0003221465
200,0.0002960761
201,0.00028996172
202,0.00030928073
203,0.0002903691
204,0.00028558544
205,0.00028102848
206,0.00028396185
207,0.00028274022
208,0.00028466867
209,0.0003518805
210,0.00043374233
211,0.0003120628
212,0.00028772355
213,0.0002791789
214,0.00028302186
215,0.00027910733
216,0.0002819695
217,0.00028384608
218,0.00028293242
219,0.0002809797
220,0.00028469466
221,0.00033486422
222,0.00052181265
223,0.00037248584
224,0.0004174528
225,0.00033222977
226,0.00033840688
227,0.00028135435
228,0.00027593324
229,0.00027568176
230,0.00027522774
231,0.00027644204
232,0.00027646753
233,0.00027604448
234,0.00027646593
235,0.0002774254
236,0.00027735168
237,0.00028034818
238,0.000279726
239,0.00028279002
240,0.00031017524
241,0.00029934043
242,0.00032712126
243,0.00041341834
244,0.00058104756
245,0.0005171216
246,0.00043509292
247,0.00032116543
248,0.00028404832
249,0.00027762994
250,0.00027310825
251,0.0002725378
252,0.00027264285
253,0.00027284145
254,0.00027321474
255,0.00027354746
256,0.00027385232
257,0.0002740783
258,0.0002748085
259,0.00027567422
260,0.00027514104
261,0.00027946787
262,0.0003345907
263,0.00040176636
264,0.00035406335
265,0.0003034195
266,0.00027374926
267,0.00027199855
268,0.0002720499
269,0.00027092692
270,0.0002714948
271,0.00027252355
272,0.00027267938
273,0.0002724076
274,0.00027471292
275,0.00028906637
276,0.0003933928
277,0.0005207368
278,0.00036586012
279,0.00028255358
280,0.00027064726
281,0.00026884163
282,0.00026842573
283,0.00026866913
284,0.00026911648
285,0.00026962062
286,0.00026990648
287,0.0002702247
288,0.00027106752
289,0.00027243703
290,0.00028283792
291,0.0003049547
292,0.00034721897
293,0.00032383206
294,0.00030052816
295,0.00027842823
296,0.00027484086
297,0.0002689037
298,0.00026908668
299,0.00026949283
300,0.00026819113
301,0.00026932746
302,0.0002705748
303,0.00027139997
304,0.00027141735
305,0.00027822284
306,0.00027625685
307,0.00027100104
308,0.00029218904
309,0.00028380041
310,0.00031525124
311,0.00041197168
312,0.00042475533
313,0.0002786833
314,0.00026652965
315,0.00026371176
316,0.0002639025
317,0.00026456677
318,0.0002649319
319,0.00026510507
320,0.0002657783
321,0.0002661272
322,0.0002680572
323,0.00026821953
324,0.00026964673
325,0.00027268575
326,0.00027037086
327,0.0002794709
328,0.00029379697
329,0.00028019503
330,0.00027344757
331,0.00027070966
332,0.00027142037
333,0.00027106563
334,0.00026656783
335,0.00027314617
336,0.000296834
337,0.00035523734
338,0.00047162356
339,0.00038508358
340,0.0002963183
341,0.0002678682
342,0.00026320678
343,0.00026300945
344,0.0002619466
345,0.00026239306
346,0.00026275596
347,0.0002632602
348,0.00026383338
349,0.00026409412
350,0.00026797366
351,0.0002707469
352,0.00026940613
353,0.0002712653
354,0.00026719223
355,0.00027589963
356,0.00027067415
357,0.00032562576
358,0.00037861415
359,0.00026814433
360,0.00026941625
361,0.0002616882
362,0.0002641369
363,0.0002866703
364,0.0002753682
365,0.0002725834
366,0.0002746221
367,0.00026268262
368,0.0002737486
369,0.00026908735
370,0.00026839753
371,0.0002636707
372,0.00026350634
373,0.00026470402
374,0.00027215513
375,0.00026722744
376,0.0002684229
377,0.000275684
378,0.00028011788
379,0.0002712164
380,0.00026945386
381,0.0002798965
382,0.00026522327
383,0.00026264187
384,0.0002628698
385,0.0002656519
386,0.00026561867
387,0.0002696718
388,0.00026147658
389,0.00027175722
390,0.0002655667
391,0.0002633087
392,0.00027988406
393,0.00026113205
394,0.00026550243
395,0.00026442076
396,0.0002660022
397,0.00026489745
398,0.00026946122
399,0.00026857262
400,0.0002625448
401,0.0002644085
402,0.0002703107
403,0.00026417852
404,0.00026681903
405,0.00026145813
406,0.00027130687
407,0.00031870007
408,0.00039678978
409,0.00027195286
410,0.000285368
411,0.0002721672
412,0.00026309467
413,0.00026194062
414,0.00026319188
415,0.00026074785
416,0.00025959595
417,0.0002614814
418,0.00026312226
419,0.00026450635
420,0.00025933486
421,0.00026466264
422,0.00026867748
423,0.00026234947
424,0.00028106317
425,0.0002627808
426,0.00026793772
427,0.00026398787
428,0.00026044055
429,0.00026147751
430,0.0002591344
431,0.00026250508
432,0.00026302307
433,0.00026248902
434,0.00025757277
435,0.00026408018
436,0.00026231373
437,0.0002656325
438,0.00026697994
439,0.00026080926
440,0.00026757614
441,0.00026064695
442,0.0002624993
443,0.000261673
444,0.00027248214
445,0.00026418816
446,0.00025857415
447,0.00026590767
448,0.00026090705
449,0.00026210144
450,0.00026113322
451,0.00026040818
452,0.00026695686
453,0.0002594914
454,0.00025816832
455,0.00025840668
456,0.00026593686
457,0.00026351638
458,0.0011992853
459,0.0006736251
460,0.0003804532
461,0.00034419858
462,0.00033117688
463,0.00032197172
464,0.00031516937
465,0.00030983635
466,0.00030559523
467,0.00030206257
468,0.00029902585
469,0.0002963223
470,0.00029389703
471,0.00029172306
472,0.0002897998
473,0.00028810545
474,0.00028664822
475,0.00028538037
476,0.0002842879
477,0.0002833412
478,0.00028250073
479,0.0002817624
480,0.00028111393
481,0.00028051913
482,0.00027999465
483,0.00027950288
484,0.00027906353
485,0.00027862831
486,0.00027825104
487,0.00027787322
488,0.00027754405
489,0.00027723695
490,0.00027692204
491,0.0002766572
492,0.00027638595
493,0.0002761266
494,0.00027589384
495,0.0002756477
496,0.00027540507
497,0.00027520512
498,0.0002749893
499,0.00027480404
