,loss
0,0.13262676
1,0.0073540756
2,0.0056930506
3,0.0034538032
4,0.0031124311
5,0.0029680044
6,0.002898133
7,0.0028574828
8,0.0028283934
9,0.00280558
10,0.0027856857
11,0.0027691915
12,0.0027541225
13,0.0027394106
14,0.0027268943
15,0.002714765
16,0.002704078
17,0.0026937607
18,0.0026844472
19,0.002673604
20,0.0026794358
21,0.0026607495
22,0.0026469633
23,0.00263856
24,0.0026310703
25,0.0026243257
26,0.0026181082
27,0.0026121722
28,0.00260856
29,0.002603478
30,0.0026233173
31,0.0026164951
32,0.0026343218
33,0.0026137857
34,0.0026049318
35,0.002598317
36,0.0025942198
37,0.0025943383
38,0.0025912246
39,0.0025881575
40,0.002588304
41,0.0025825622
42,0.0025805992
43,0.0025783188
44,0.0025771176
45,0.0025743726
46,0.0025707702
47,0.0025724862
48,0.0025921827
49,0.0025846579
50,0.002562496
51,0.0025642826
52,0.0025496497
53,0.0025450476
54,0.0025397278
55,0.0025359418
56,0.0025307708
57,0.0025258407
58,0.0025214688
59,0.0025169507
60,0.0025119996
61,0.0025017066
62,0.0024928725
63,0.0024856662
64,0.002476983
65,0.0024752445
66,0.0024901987
67,0.0024756177
68,0.0024726547
69,0.002467162
70,0.0024634171
71,0.0024587514
72,0.002454681
73,0.0024514294
74,0.0024486473
75,0.002446497
76,0.0024443876
77,0.0024422838
78,0.0024393685
79,0.0024364672
80,0.0024370577
81,0.0024402207
82,0.002439745
83,0.00242761
84,0.0024294523
85,0.002421859
86,0.0024205383
87,0.0024186887
88,0.002420703
89,0.0024242122
90,0.0024266238
91,0.0024134088
92,0.0024107413
93,0.0024078444
94,0.0024080863
95,0.0024115108
96,0.0024166359
97,0.0024276574
98,0.0024060586
99,0.0024028814
100,0.0024025217
101,0.002398613
102,0.0023976297
103,0.0023961682
104,0.0023992127
105,0.0024557333
106,0.002450055
107,0.0024101334
108,0.0024137113
109,0.0024017468
110,0.002409711
111,0.0024010858
112,0.0023972644
113,0.002396143
114,0.002434633
115,0.0023965968
116,0.00239476
117,0.0023945584
118,0.0023940506
119,0.0023959246
120,0.0024000853
121,0.0024478377
122,0.002427746
123,0.0024055142
124,0.0023985563
125,0.0023930217
126,0.0023930322
127,0.0023920042
128,0.0023921058
129,0.0023935037
130,0.0023934017
131,0.0024090044
132,0.0023988183
133,0.002391145
134,0.0023905605
135,0.0023898429
136,0.0023901914
137,0.0023895344
138,0.0023970646
139,0.0024295636
140,0.0024075976
141,0.0024043866
142,0.0023922897
143,0.0023913912
144,0.0023907416
145,0.0023901013
146,0.0023896382
147,0.002390202
148,0.0023934226
149,0.0024556082
150,0.0024526038
151,0.0024512995
152,0.002450488
153,0.002449646
154,0.0024489635
155,0.002448352
156,0.0024479316
157,0.0024474429
158,0.0024469374
159,0.0024465607
160,0.002446148
161,0.0024456119
162,0.002445197
163,0.0024448943
164,0.0024443504
165,0.0024440023
166,0.0024436575
167,0.0024432999
168,0.00244293
169,0.002442603
170,0.0024422898
171,0.0024417415
172,0.002441558
173,0.0024412472
174,0.0024408721
175,0.0024405862
176,0.0024402877
177,0.0024399646
178,0.0024397215
179,0.0024394162
180,0.0024392945
181,0.0024390214
182,0.002438718
183,0.002438493
184,0.0024382067
185,0.0024379918
186,0.002437642
187,0.0024374342
188,0.0024371953
189,0.0024369808
190,0.0024367191
191,0.002439411
192,0.0023980003
193,0.0024323866
194,0.0024352015
195,0.002434428
196,0.0024343058
197,0.0024340914
198,0.0024338812
199,0.0024337186
200,0.0024335512
201,0.0024334153
202,0.0024332746
203,0.0024330837
204,0.0024328355
205,0.0024325554
206,0.0024322693
207,0.002432106
208,0.0024320013
209,0.0024317806
210,0.0024316194
211,0.0024313957
212,0.002431265
213,0.0024310611
214,0.002430867
215,0.0024306702
216,0.0024301081
217,0.002429063
218,0.0024279563
219,0.0024280034
220,0.002577781
221,0.0024489244
222,0.0024347117
223,0.0024303638
224,0.0024286197
225,0.0024276136
226,0.0024269922
227,0.0024264457
228,0.002426118
229,0.002425832
230,0.002425588
231,0.002425361
232,0.0024250944
233,0.002425083
234,0.0024250017
235,0.002424992
236,0.002424918
237,0.002424799
238,0.0024246597
239,0.0024245721
240,0.0025397094
241,0.0024272304
242,0.0024263526
243,0.0024265524
244,0.0024246192
245,0.0024234003
246,0.002422908
247,0.0024226808
248,0.002422475
249,0.0024222983
250,0.0024221388
251,0.0024219814
252,0.0024218382
253,0.002421681
254,0.002421476
255,0.002421276
256,0.0024210934
257,0.0024208785
258,0.0024210608
259,0.0024205898
260,0.0024292734
261,0.0024233523
262,0.0024208443
263,0.0024192315
264,0.0024180985
265,0.0024172398
266,0.002416744
267,0.002416426
268,0.0024161155
269,0.0024159702
270,0.0024157728
271,0.00241567
272,0.002415473
273,0.0024153101
274,0.0024150186
275,0.0024148552
276,0.002414564
277,0.0024143276
278,0.0024139609
279,0.002413584
280,0.0024133506
281,0.0024130507
282,0.002412682
283,0.0024123564
284,0.0024120216
285,0.0024117646
286,0.002411429
287,0.00241112
288,0.0024107322
289,0.002410304
290,0.00240995
291,0.0024095562
292,0.0024091848
293,0.002408846
294,0.0024082297
295,0.0024080668
296,0.0024076554
297,0.0024072335
298,0.0024069494
299,0.002406582
300,0.0024062414
301,0.0024059115
302,0.0024055645
303,0.002405159
304,0.0024048402
305,0.0024044958
306,0.002404118
307,0.0024038495
308,0.0024035012
309,0.002403135
310,0.0024027927
311,0.002402481
312,0.002402208
313,0.0024019545
314,0.0024016618
315,0.0024012923
316,0.0024009978
317,0.0024007692
318,0.002400495
319,0.0024002045
320,0.0023999147
321,0.0023996162
322,0.002399393
323,0.0023990667
324,0.0023987535
325,0.0023985317
326,0.002398254
327,0.0023980273
328,0.0023977715
329,0.0023974923
330,0.0023972746
331,0.0023970166
332,0.0023967908
333,0.0023965356
334,0.002396279
335,0.0024063806
336,0.0023996592
337,0.002397978
338,0.0023969163
339,0.0023960895
340,0.0023954995
341,0.0023949945
342,0.002394588
343,0.0023940245
344,0.0023934888
345,0.002393059
346,0.0023926802
347,0.002392326
348,0.0023921642
349,0.0023919044
350,0.0023916706
351,0.0023915682
352,0.0023913847
353,0.0023911812
354,0.0023910399
355,0.0023908936
356,0.0023908326
357,0.002390631
358,0.0023905798
359,0.0023904543
360,0.0023901362
361,0.0023899851
362,0.0023897775
363,0.002389664
364,0.0023894934
365,0.0023894007
366,0.0023891083
367,0.002388871
368,0.0023813965
369,0.0023782176
370,0.002372406
371,0.002368111
372,0.0023638988
373,0.0023602603
374,0.0023575102
375,0.002356727
376,0.0023566212
377,0.002351285
378,0.0023492198
379,0.002349183
380,0.002352468
381,0.0023457133
382,0.0023450335
383,0.0023419072
384,0.0023427824
385,0.0023450665
386,0.0023320059
387,0.0023247856
388,0.0023222233
389,0.00233269
390,0.002317528
391,0.0023164027
392,0.002308862
393,0.0023051016
394,0.0023630569
395,0.002380817
396,0.0023477038
397,0.0023436933
398,0.002340881
399,0.0023398532
400,0.0023878512
401,0.0024068705
402,0.0023897025
403,0.0023836
404,0.002379277
405,0.0023753827
406,0.0023717622
407,0.0023704418
408,0.0023464933
409,0.0023404318
410,0.0023366155
411,0.0023341614
412,0.0023300399
413,0.0023271083
414,0.0023243371
415,0.002320996
416,0.0023064883
417,0.0023042695
418,0.0023010552
419,0.002299722
420,0.0022984096
421,0.0022975404
422,0.0022967742
423,0.0022961767
424,0.0022954792
425,0.0022948734
426,0.002294566
427,0.0022941856
428,0.0022932866
429,0.0022927988
430,0.0022928454
431,0.002292625
432,0.002291492
433,0.0023076667
434,0.0022917937
435,0.0022901322
436,0.0022908107
437,0.00228938
438,0.002311393
439,0.0022890398
440,0.0022884733
441,0.002287918
442,0.002288182
443,0.0023092413
444,0.0022876405
445,0.0022869406
446,0.0022866384
447,0.0022866963
448,0.002286327
449,0.0022863413
450,0.0022860027
451,0.002285825
452,0.0022854526
453,0.0022852812
454,0.0022848218
455,0.0022845329
456,0.0022840947
457,0.0022838893
458,0.0023009472
459,0.0022840765
460,0.0022831934
461,0.0022818493
462,0.0022818125
463,0.002281979
464,0.0022817086
465,0.002280931
466,0.002281017
467,0.0022812327
468,0.0022803836
469,0.0023017155
470,0.0023838838
471,0.0023781026
472,0.0023716588
473,0.0023694276
474,0.0023658157
475,0.002362232
476,0.0023588054
477,0.0023571104
478,0.002354543
479,0.0023548456
480,0.0023503066
481,0.0023495255
482,0.0027923246
483,0.0028320076
484,0.0024292353
485,0.0023975365
486,0.0023849593
487,0.0023727976
488,0.0023771026
489,0.0024389124
490,0.002441255
491,0.0024259822
492,0.0024139616
493,0.0024047634
494,0.0023990867
495,0.002395085
496,0.0023909577
497,0.002390957
498,0.0023884526
499,0.0023866056
