,loss
0,0.046873894
1,0.0057600504
2,0.004626182
3,0.0039451905
4,0.0034495124
5,0.00314219
6,0.0029284426
7,0.0027313072
8,0.0025219943
9,0.0022941646
10,0.0021493428
11,0.0020861481
12,0.002040122
13,0.0019995484
14,0.0019616678
15,0.0019264868
16,0.0018942812
17,0.0018650353
18,0.001838546
19,0.0018145386
20,0.0017927268
21,0.0017728417
22,0.0017546446
23,0.0017379342
24,0.0017225489
25,0.0017083592
26,0.0016952641
27,0.0016831838
28,0.0016720518
29,0.001661815
30,0.0016524278
31,0.0016438505
32,0.0016360441
33,0.0016289715
34,0.0016225938
35,0.0016168697
36,0.0016117574
37,0.0016072128
38,0.0016031909
39,0.0015996447
40,0.0015965276
41,0.0015937919
42,0.0015913894
43,0.0015892728
44,0.0015873953
45,0.001585712
46,0.0015841811
47,0.0015827634
48,0.0015814233
49,0.001580129
50,0.0015788511
51,0.0015775645
52,0.0015762476
53,0.0015748839
54,0.0015734616
55,0.0015719732
56,0.0015704166
57,0.0015687927
58,0.0015671058
59,0.0015653616
60,0.0015635677
61,0.0015617318
62,0.0015598615
63,0.0015579633
64,0.0015560442
65,0.0015541096
66,0.0015521641
67,0.0015502118
68,0.0015482552
69,0.0015462955
70,0.0015443336
71,0.0015423681
72,0.0015403975
73,0.0015384177
74,0.0015364237
75,0.0015344097
76,0.0015323671
77,0.0015302883
78,0.0015281657
79,0.0015259943
80,0.0015237759
81,0.0015215165
82,0.0015192198
83,0.0015168686
84,0.0015144121
85,0.0015117559
86,0.0015087848
87,0.001509004
88,0.0015033718
89,0.001502911
90,0.0015928904
91,0.0015620088
92,0.0015100322
93,0.0015005652
94,0.001495292
95,0.0014904541
96,0.0018987835
97,0.0015447513
98,0.0015143325
99,0.0015082902
100,0.0015049274
101,0.001502519
102,0.0015005141
103,0.001498687
104,0.0014969324
105,0.0014951988
106,0.0014934632
107,0.001491714
108,0.0014899413
109,0.0014881316
110,0.0014862691
111,0.0014843335
112,0.0014823002
113,0.0014801304
114,0.0014777577
115,0.0014750597
116,0.0014719717
117,0.0015420105
118,0.0014865334
119,0.0014827432
120,0.0014805642
121,0.0014789616
122,0.0014775924
123,0.0014763075
124,0.0014750357
125,0.0014737436
126,0.0014724185
127,0.001471058
128,0.0014696661
129,0.0014682488
130,0.0014668138
131,0.0014653687
132,0.0014639184
133,0.0014624638
134,0.001460999
135,0.0014595111
136,0.0014579793
137,0.0014563733
138,0.0014546488
139,0.0014527383
140,0.001450532
141,0.0014479747
142,0.0015305006
143,0.0014605359
144,0.0014571685
145,0.0014553022
146,0.0014539905
147,0.0014529357
148,0.0014519932
149,0.0014510814
150,0.0014501519
151,0.0014491773
152,0.0014481444
153,0.0014470498
154,0.0014458946
155,0.0014446849
156,0.0014434274
157,0.0014421288
158,0.0014407934
159,0.0014394228
160,0.0014380151
161,0.0014365636
162,0.001435056
163,0.0014334745
164,0.0014317943
165,0.0014299846
166,0.0014280028
167,0.0014257894
168,0.0014232518
169,0.0014202835
170,0.0014202426
171,0.0014163484
172,0.0016639004
173,0.0014251685
174,0.001417829
175,0.0014145784
176,0.0014121981
177,0.001409843
178,0.0014073057
179,0.0014045126
180,0.0014012329
181,0.001442942
182,0.0014193736
183,0.0014134595
184,0.0014090438
185,0.001405157
186,0.0014014471
187,0.0013977713
188,0.0013940611
189,0.0013902796
190,0.0013863958
191,0.0013823687
192,0.0013781246
193,0.0013735346
194,0.0013683868
195,0.0013623581
196,0.0013552486
197,0.0014591358
198,0.0013676569
199,0.0013543201
200,0.0013425751
201,0.0013310803
202,0.0013194389
203,0.0013072604
204,0.0012932643
205,0.0012762888
206,0.0012602865
207,0.0012455046
208,0.001233465
209,0.0012246936
210,0.0012158797
211,0.0012106445
212,0.0012078102
213,0.0012335721
214,0.0012147196
215,0.0012102367
216,0.001207788
217,0.0012046618
218,0.00120285
219,0.0012003806
220,0.0011989673
221,0.0011962914
222,0.0011929736
223,0.0012527924
224,0.0029531487
225,0.0025225373
226,0.0014706098
227,0.0014483659
228,0.0014386823
229,0.0014318298
230,0.0014257046
231,0.001419445
232,0.0014125922
233,0.0014048356
234,0.0013958298
235,0.0013848022
236,0.0013686036
237,0.0013298107
238,0.0012816371
239,0.0012502087
240,0.0012236673
241,0.0012140415
242,0.0012071382
243,0.0012030071
244,0.0012064785
245,0.0012016342
246,0.0012095296
247,0.0012022761
248,0.001889981
249,0.0018184115
250,0.0015023248
251,0.0014662675
252,0.001431056
253,0.0014898868
254,0.0013922052
255,0.0013667609
256,0.0013357863
257,0.0013001062
258,0.0012828931
259,0.001252256
260,0.0012283497
261,0.0012135488
262,0.0012053242
263,0.001198193
264,0.0011910476
265,0.0016622813
266,0.0013857543
267,0.0012303917
268,0.0012187634
269,0.0012102346
270,0.0012135915
271,0.001208965
272,0.0013597548
273,0.001447565
274,0.0013936022
275,0.0013707994
276,0.0013264337
277,0.001258878
278,0.0012375956
279,0.0012233286
280,0.0012146294
281,0.0012081467
282,0.0012017762
283,0.0011956366
284,0.0011971613
285,0.0016955066
286,0.0021711774
287,0.0012265196
288,0.0011941348
289,0.0011898997
290,0.0011866732
291,0.0011835416
292,0.0011859748
293,0.0011990254
294,0.001204602
295,0.0011902561
296,0.0011965844
297,0.0011799162
298,0.0011748079
299,0.0011924758
300,0.0012914886
301,0.0012135502
302,0.001205606
303,0.0011950212
304,0.0013933156
305,0.0016621016
306,0.0014085954
307,0.0013943327
308,0.0013813999
309,0.0013644927
310,0.0013317685
311,0.0012405874
312,0.0011939234
313,0.0011842072
314,0.0011807826
315,0.0011776168
316,0.0013344581
317,0.0012100453
318,0.0012013634
319,0.0011993253
320,0.0012317104
321,0.0013978104
322,0.0013327454
323,0.0012111004
324,0.0011979346
325,0.0011849197
326,0.0011800032
327,0.0011855892
328,0.0011735166
329,0.0011835436
330,0.0011690824
331,0.0011983752
332,0.0011884099
333,0.0012331104
334,0.0011870931
335,0.0011712798
336,0.0011753369
337,0.0011878331
338,0.0012748557
339,0.0011902861
340,0.0011719922
341,0.0011805303
342,0.0011621723
343,0.0011873887
344,0.0011727266
345,0.0011657792
346,0.001183957
347,0.0011836807
348,0.0012032669
349,0.001271293
350,0.0011786132
351,0.0011795374
352,0.0011652497
353,0.0011739376
354,0.0011580584
355,0.0011643982
356,0.0011579989
357,0.0011774164
358,0.0011741152
359,0.0011831182
360,0.0012093522
361,0.0013327494
362,0.0011964972
363,0.0011890117
364,0.0011696045
365,0.0011754376
366,0.001164362
367,0.0011616357
368,0.0011560229
369,0.0011865805
370,0.0011613327
371,0.0011634183
372,0.001159795
373,0.0011591819
374,0.0011724533
375,0.0011723463
376,0.0011624881
377,0.0011597426
378,0.0011578931
379,0.0011759523
380,0.0011599752
381,0.0011850708
382,0.0013072975
383,0.00119426
384,0.0011887067
385,0.0011786452
386,0.0011792379
387,0.0011602781
388,0.0011573449
389,0.0011559944
390,0.0011604549
391,0.0011601285
392,0.0013879497
393,0.0011727044
394,0.0011625272
395,0.0011676877
396,0.0011517423
397,0.0011508779
398,0.0011512655
399,0.0011483806
400,0.0011670039
401,0.0011525453
402,0.0011451441
403,0.0011463513
404,0.001157343
405,0.0011535664
406,0.0011579732
407,0.0011524796
408,0.0011540423
409,0.0011587187
410,0.0011435534
411,0.0011427616
412,0.0011593002
413,0.001154193
414,0.0011450246
415,0.001157683
416,0.0011594077
417,0.0012027537
418,0.0014980356
419,0.0013386231
420,0.0011913041
421,0.0011585916
422,0.0011495249
423,0.0011468255
424,0.0011447382
425,0.001143165
426,0.0011464879
427,0.0011463958
428,0.0011385317
429,0.0011413879
430,0.0011410043
431,0.001143075
432,0.0011430809
433,0.0011422567
434,0.001136621
435,0.0011408585
436,0.0017745092
437,0.0011607248
438,0.001144234
439,0.0011351053
440,0.0011411184
441,0.0011330799
442,0.0011390063
443,0.0011559747
444,0.0011398357
445,0.0011440174
446,0.0011335844
447,0.001136208
448,0.0011346005
449,0.0011441596
450,0.0011316463
451,0.0011329068
452,0.0011354889
453,0.0011437405
454,0.0011324217
455,0.0011334195
456,0.0011347957
457,0.001142932
458,0.0011324015
459,0.0011318572
460,0.0011322156
461,0.0011420303
462,0.0011327778
463,0.00113092
464,0.0011295448
465,0.0011341714
466,0.0011343404
467,0.0011394881
468,0.0011306509
469,0.0011326268
470,0.0011327973
471,0.0011384182
472,0.0011306154
473,0.0011299172
474,0.0011313581
475,0.0011366868
476,0.0011307247
477,0.0011290279
478,0.0011301356
479,0.0011343303
480,0.0011302071
481,0.0011288964
482,0.0011297887
483,0.001132576
484,0.0011293158
485,0.0011282779
486,0.001128923
487,0.0011305525
488,0.0011282928
489,0.0011276556
490,0.0011276706
491,0.0011285035
492,0.0011268851
493,0.0011269853
494,0.0011260747
495,0.0011271425
496,0.0011254876
497,0.0011265409
498,0.0011249706
499,0.0011261827
