,loss
0,0.29154354
1,0.057477035
2,0.01100381
3,0.0063763917
4,0.0051204385
5,0.004393351
6,0.003967203
7,0.003591178
8,0.0033693574
9,0.003220429
10,0.0031134603
11,0.003033096
12,0.002975594
13,0.0029217137
14,0.0028801046
15,0.002848545
16,0.002837689
17,0.0028015436
18,0.00278171
19,0.002763967
20,0.0027964637
21,0.0027452093
22,0.0027322466
23,0.0027338234
24,0.0029348354
25,0.0027107038
26,0.0027196913
27,0.0027240324
28,0.002709724
29,0.0026971714
30,0.0026914694
31,0.0026879164
32,0.0026775897
33,0.00267391
34,0.0026734266
35,0.0026734227
36,0.0026811603
37,0.002669376
38,0.0026586896
39,0.0026590708
40,0.0026541762
41,0.0026537378
42,0.0026658468
43,0.002957153
44,0.0026682578
45,0.0026575157
46,0.0026515932
47,0.002648371
48,0.002642556
49,0.0026385244
50,0.0026336333
51,0.0026307444
52,0.0026292345
53,0.0026261546
54,0.002621694
55,0.0026177354
56,0.002620623
57,0.0026135198
58,0.0026125447
59,0.0026092108
60,0.0026105656
61,0.0026090932
62,0.002608912
63,0.0026054715
64,0.0026049027
65,0.0026021104
66,0.002604212
67,0.0025980894
68,0.0025959124
69,0.002591468
70,0.0025993877
71,0.002591638
72,0.0025868516
73,0.0025881438
74,0.0025899918
75,0.0025851722
76,0.0025811824
77,0.002580109
78,0.002576915
79,0.002576902
80,0.0025752368
81,0.0025873436
82,0.0025861748
83,0.002569794
84,0.0025812483
85,0.002571797
86,0.0025675492
87,0.002564633
88,0.0025624582
89,0.002561505
90,0.0025594514
91,0.0025688
92,0.002556655
93,0.0025859347
94,0.002564313
95,0.0025582563
96,0.0025526031
97,0.002545093
98,0.0025533217
99,0.0025461584
100,0.0025460073
101,0.0025485153
102,0.0025453107
103,0.0025427723
104,0.0025369101
105,0.002535621
106,0.002537389
107,0.0025341054
108,0.002531364
109,0.0025293704
110,0.0025278737
111,0.002522372
112,0.0025307534
113,0.0025251927
114,0.0025209852
115,0.0025197875
116,0.0025170872
117,0.002520712
118,0.0025125588
119,0.0025115537
120,0.0025154697
121,0.002513323
122,0.0025094459
123,0.0025091034
124,0.0025084498
125,0.0025063748
126,0.0025107742
127,0.0025050156
128,0.0025036982
129,0.002504343
130,0.0025022738
131,0.0025001063
132,0.0024999839
133,0.0025019976
134,0.002494962
135,0.0024974104
136,0.0024963121
137,0.002497875
138,0.0024922627
139,0.002493583
140,0.002491395
141,0.0024894318
142,0.0024914618
143,0.002488194
144,0.0024899505
145,0.0024865272
146,0.0024881163
147,0.0024847758
148,0.0024860208
149,0.0024842457
150,0.0024857873
151,0.0024842564
152,0.0024816487
153,0.0024815656
154,0.0024807295
155,0.0024809157
156,0.0024792235
157,0.002477498
158,0.0024776529
159,0.0024851128
160,0.00247514
161,0.0024739886
162,0.0024738554
163,0.0024721916
164,0.0024707236
165,0.0024704933
166,0.0024690486
167,0.0024688037
168,0.0024675517
169,0.002466809
170,0.0024657287
171,0.0024646164
172,0.0024640826
173,0.0024628306
174,0.0024626744
175,0.0025090738
176,0.0024612034
177,0.002459729
178,0.0024583368
179,0.0024639654
180,0.0024588294
181,0.0024579004
182,0.0024568737
183,0.0024555204
184,0.0024639068
185,0.002454603
186,0.002452674
187,0.0024590848
188,0.0024519013
189,0.0024510897
190,0.0024557
191,0.0024502052
192,0.00245259
193,0.0024491125
194,0.002455014
195,0.0024491837
196,0.0024479653
197,0.002450857
198,0.0024465919
199,0.0024448931
200,0.0024452186
201,0.0024449138
202,0.0024451546
203,0.0024443106
204,0.0024462286
205,0.0024431893
206,0.002452928
207,0.0024412058
208,0.0024398821
209,0.0024490252
210,0.0024392186
211,0.0024413916
212,0.002440804
213,0.0024393306
214,0.0024360218
215,0.0024500492
216,0.0024336518
217,0.002433412
218,0.0024332646
219,0.0024426463
220,0.0024331324
221,0.0024309838
222,0.002442728
223,0.0024312378
224,0.0024298716
225,0.002435676
226,0.0024287326
227,0.0024301829
228,0.002427925
229,0.0024321396
230,0.0024271428
231,0.0024288269
232,0.0024248883
233,0.0024255079
234,0.0024234524
235,0.0024286108
236,0.0024244536
237,0.0024283538
238,0.0024220946
239,0.0024228077
240,0.0024202154
241,0.0024236164
242,0.0024186266
243,0.0024217544
244,0.002417463
245,0.002421261
246,0.0024170675
247,0.002417874
248,0.002415684
249,0.002418552
250,0.0024147774
251,0.0024158864
252,0.0024128535
253,0.00241297
254,0.002415061
255,0.002411515
256,0.0024163788
257,0.0024109317
258,0.0024099178
259,0.0024118556
260,0.002408392
261,0.0024078782
262,0.002409759
263,0.0024061953
264,0.0024103248
265,0.0024064276
266,0.002407511
267,0.0024060304
268,0.0024047291
269,0.0024052293
270,0.0024031627
271,0.0024076288
272,0.0024028472
273,0.0024099774
274,0.0024032649
275,0.0024026774
276,0.0024015736
277,0.002401131
278,0.0024011864
279,0.0024001163
280,0.0024027103
281,0.0024002446
282,0.0024005845
283,0.0024028316
284,0.0024022607
285,0.0024008912
286,0.0024000497
287,0.002399024
288,0.002398399
289,0.002397413
290,0.002396498
291,0.0023956287
292,0.0023949135
293,0.0023953104
294,0.0023959852
295,0.0023930802
296,0.0024063957
297,0.002391939
298,0.0023934331
299,0.002398761
300,0.0023970671
301,0.0023887604
302,0.0023926466
303,0.0023877695
304,0.00238565
305,0.0023913675
306,0.0023864391
307,0.0023849653
308,0.0023854733
309,0.0023835027
310,0.0023864908
311,0.0023847139
312,0.002389453
313,0.0023814943
314,0.0023792768
315,0.0023771485
316,0.0023745052
317,0.0023750092
318,0.0023732185
319,0.0023719084
320,0.002375357
321,0.0023815066
322,0.0023729787
323,0.002371209
324,0.002370975
325,0.0023681675
326,0.0023667095
327,0.0023685119
328,0.002377159
329,0.0023714956
330,0.002367912
331,0.0023664883
332,0.0023630378
333,0.0023617183
334,0.0023604992
335,0.0023612913
336,0.0023592995
337,0.0023593192
338,0.0023628154
339,0.0023590385
340,0.002357304
341,0.002356779
342,0.002356269
343,0.0023568699
344,0.0023586627
345,0.0023648383
346,0.0023577826
347,0.0023537045
348,0.0023521192
349,0.002351564
350,0.0023500095
351,0.0023482284
352,0.0023498626
353,0.0023474602
354,0.0023470817
355,0.002346815
356,0.002348055
357,0.0023526838
358,0.002348324
359,0.0023453792
360,0.0023436928
361,0.002341618
362,0.0023444418
363,0.0023492873
364,0.0023503054
365,0.0023424039
366,0.0023449499
367,0.002340127
368,0.0023391333
369,0.002339589
370,0.0023360967
371,0.0023353396
372,0.002337407
373,0.002342285
374,0.0023367964
375,0.002338893
376,0.0023360988
377,0.002335052
378,0.00233097
379,0.0023415277
380,0.0023387293
381,0.0023348366
382,0.0023406441
383,0.0023330876
384,0.0023344483
385,0.0023362206
386,0.002333469
387,0.0023314946
388,0.0023297868
389,0.0023305658
390,0.0023287695
391,0.0023438262
392,0.0023274692
393,0.0023262561
394,0.0023252212
395,0.0023247227
396,0.0023226026
397,0.0023282801
398,0.0023335416
399,0.0023236517
400,0.002322767
401,0.0023208093
402,0.002322698
403,0.0023216119
404,0.002320368
405,0.0023185294
406,0.0023208652
407,0.002320041
408,0.0023176523
409,0.002316096
410,0.0023156074
411,0.0023144942
412,0.0023139569
413,0.0023139722
414,0.0023134889
415,0.002313407
416,0.0023150053
417,0.0023132802
418,0.0023126935
419,0.002311761
420,0.0023139373
421,0.002312785
422,0.002313569
423,0.002313859
424,0.0023112327
425,0.00231104
426,0.0023089345
427,0.0023080537
428,0.0023058245
429,0.002308072
430,0.0023103382
431,0.0023086697
432,0.002304693
433,0.0023034457
434,0.0023042175
435,0.0023050301
436,0.0023051763
437,0.0023035074
438,0.0023025481
439,0.0023031423
440,0.0023033181
441,0.0023028643
442,0.002300444
443,0.0023009256
444,0.0022996857
445,0.002298959
446,0.0022970147
447,0.002296603
448,0.002297815
449,0.0022974994
450,0.0022952913
451,0.0022949288
452,0.002295236
453,0.0022954533
454,0.00229391
455,0.0022938144
456,0.0022945218
457,0.0022945593
458,0.0022933735
459,0.0022943101
460,0.0022962382
461,0.0022921443
462,0.0022929644
463,0.002295592
464,0.002290413
465,0.0022908698
466,0.002289542
467,0.0022900596
468,0.0022892859
469,0.002288744
470,0.0022897313
471,0.0022881494
472,0.0022890235
473,0.0022918303
474,0.0022871075
475,0.0022869797
476,0.0022862754
477,0.0022886973
478,0.0022864116
479,0.0022866495
480,0.0022856477
481,0.002286169
482,0.0022866775
483,0.0022861524
484,0.0022870514
485,0.002284004
486,0.0022843163
487,0.0022835175
488,0.0022840134
489,0.0022841059
490,0.0022830758
491,0.0022837664
492,0.0022834365
493,0.0022866894
494,0.00228214
495,0.002280427
496,0.0022799019
497,0.0022856472
498,0.00228259
499,0.0022807627
